ID	Description	GeneRatio	BgRatio	RichFactor	FoldEnrichment	zScore	pvalue	p.adjust	qvalue	geneID	Count
GO:0098754	detoxification	12/2419	109/769296	0.110091743119266	35.0116319200822	19.9446437918204	2.15264579335797e-15	2.15264579335797e-14	1.58616005826376e-14	PoaAnPa1Bg072950/PoaAnPa1Bg072910/PoaAnPa1Bg072920/PoaAnPa1Bg072930/PoaAnPa1Bg072940/PoaAnPa1Bg073010/PoaAnPa1Bg073020/PoaAnPa1Bg073030/PoaAnPa1Bg073040/PoaAnPa1Bg073050/PoaAnPa1Bg073060/PoaAnPa1Bg073070	12
GO:0045037	protein import into chloroplast stroma	17/2419	499/769296	0.0340681362725451	10.8344278470128	12.3422705989545	1.03230184959845e-12	5.16150924799223e-12	3.80321734062586e-12	Tel5E01G810900/Tel5E01G811000/Tel5E01G811200/Tel5E01G811400/Tel5E01G811500/Tel5E01G811600/Tel5E01G811700/Tel5E01G811900/Tel5E01G812000/Tel5E01G812100/Tel5E01G812400/Tel5E01G812500/Tel5E01G812700/Tel5E01G812900/Tel5E01G813400/Tel5E01G813500/Tel5E01G813600	17
GO:0043086	negative regulation of catalytic activity	16/2419	445/769296	0.0359550561797753	11.4345104997422	12.3660935270473	2.12009602594506e-12	7.06698675315019e-12	5.20725339705803e-12	Alaeq_EIv0.2_0604320/Alaeq_EIv0.2_0604310/Alaeq_EIv0.2_0604300/Alaeq_EIv0.2_0604280/Alaeq_EIv0.2_0604270/Alaeq_EIv0.2_0604260/Alaeq_EIv0.2_0604240/Alaeq_EIv0.2_0604230/Alaeq_EIv0.2_0604220/Alaeq_EIv0.2_0604200/Alaeq_EIv0.2_0604160/Alaeq_EIv0.2_0604150/Alaeq_EIv0.2_0604120/Alaeq_EIv0.2_0604100/Alaeq_EIv0.2_0604050/Alaeq_EIv0.2_0604030	16
