ID	Description	GeneRatio	BgRatio	RichFactor	FoldEnrichment	zScore	pvalue	p.adjust	qvalue	geneID	Count
GO:0098754	detoxification	12/2865	109/769296	0.110091743119266	29.5613045775494	18.2325561006997	1.56355166881488e-14	2.18897233634083e-13	1.81042824810144e-13	PoaAnPa1Bg072950/PoaAnPa1Bg072910/PoaAnPa1Bg072920/PoaAnPa1Bg072930/PoaAnPa1Bg072940/PoaAnPa1Bg073010/PoaAnPa1Bg073020/PoaAnPa1Bg073030/PoaAnPa1Bg073040/PoaAnPa1Bg073050/PoaAnPa1Bg073060/PoaAnPa1Bg073070	12
GO:0045037	protein import into chloroplast stroma	17/2865	499/769296	0.0340681362725451	9.14781185407464	11.1316017795803	1.42071793961179e-11	9.94502557728255e-11	8.22520912406828e-11	Tel5E01G810900/Tel5E01G811000/Tel5E01G811200/Tel5E01G811400/Tel5E01G811500/Tel5E01G811600/Tel5E01G811700/Tel5E01G811900/Tel5E01G812000/Tel5E01G812100/Tel5E01G812400/Tel5E01G812500/Tel5E01G812700/Tel5E01G812900/Tel5E01G813400/Tel5E01G813500/Tel5E01G813600	17
GO:0043086	negative regulation of catalytic activity	16/2865	445/769296	0.0359550561797753	9.65447849873522	11.1653426057324	2.53542787064137e-11	1.18319967296597e-10	9.78586195686145e-11	Alaeq_EIv0.2_0604320/Alaeq_EIv0.2_0604310/Alaeq_EIv0.2_0604300/Alaeq_EIv0.2_0604280/Alaeq_EIv0.2_0604270/Alaeq_EIv0.2_0604260/Alaeq_EIv0.2_0604240/Alaeq_EIv0.2_0604230/Alaeq_EIv0.2_0604220/Alaeq_EIv0.2_0604200/Alaeq_EIv0.2_0604160/Alaeq_EIv0.2_0604150/Alaeq_EIv0.2_0604120/Alaeq_EIv0.2_0604100/Alaeq_EIv0.2_0604050/Alaeq_EIv0.2_0604030	16
