ID	Description	GeneRatio	BgRatio	RichFactor	FoldEnrichment	zScore	pvalue	p.adjust	qvalue	geneID	Count
GO:0098754	detoxification	12/3459	109/769296	0.110091743119266	24.4848619874758	16.4793036825181	1.40498412802009e-13	2.52897143043616e-12	2.21839599161067e-12	PoaAnPa1Bg072950/PoaAnPa1Bg072910/PoaAnPa1Bg072920/PoaAnPa1Bg072930/PoaAnPa1Bg072940/PoaAnPa1Bg073010/PoaAnPa1Bg073020/PoaAnPa1Bg073030/PoaAnPa1Bg073040/PoaAnPa1Bg073050/PoaAnPa1Bg073060/PoaAnPa1Bg073070	12
GO:0045037	protein import into chloroplast stroma	17/3459	499/769296	0.0340681362725451	7.57689533446772	9.87686065972027	2.48189311578299e-10	2.23370380420469e-09	1.95938930193394e-09	Tel5E01G810900/Tel5E01G811000/Tel5E01G811200/Tel5E01G811400/Tel5E01G811500/Tel5E01G811600/Tel5E01G811700/Tel5E01G811900/Tel5E01G812000/Tel5E01G812100/Tel5E01G812400/Tel5E01G812500/Tel5E01G812700/Tel5E01G812900/Tel5E01G813400/Tel5E01G813500/Tel5E01G813600	17
GO:0043086	negative regulation of catalytic activity	16/3459	445/769296	0.0359550561797753	7.99655417718312	9.92194187873351	3.81325445162496e-10	2.28795267097498e-09	2.00697602717103e-09	Alaeq_EIv0.2_0604320/Alaeq_EIv0.2_0604310/Alaeq_EIv0.2_0604300/Alaeq_EIv0.2_0604280/Alaeq_EIv0.2_0604270/Alaeq_EIv0.2_0604260/Alaeq_EIv0.2_0604240/Alaeq_EIv0.2_0604230/Alaeq_EIv0.2_0604220/Alaeq_EIv0.2_0604200/Alaeq_EIv0.2_0604160/Alaeq_EIv0.2_0604150/Alaeq_EIv0.2_0604120/Alaeq_EIv0.2_0604100/Alaeq_EIv0.2_0604050/Alaeq_EIv0.2_0604030	16
